rank	singular_value	error_estimate
1	6490.37	0.00015397
2	4069.57	2.46428e-12
3	3829.72	2.87743e-12
4	3439.87	2.69069e-12
5	3115.42	2.89199e-12
6	2990.45	2.98158e-12
7	2764.79	3.07419e-12
8	2704.71	3.05566e-12
9	2676.65	2.79258e-12
10	2650.97	3.08985e-12
11	2535.89	2.91555e-12
12	2475.84	2.95229e-12
13	2447.86	2.90136e-12
14	2345.2	2.90284e-12
15	2269.51	3.01992e-12
16	2223.91	3.10757e-12
17	2180.53	3.15733e-12
18	2130.93	3.11625e-12
19	2101.23	3.15228e-12
20	2096.14	3.00246e-12
21	2024.6	3.22078e-12
22	1993.98	3.25436e-12
23	1973.08	3.34082e-12
24	1964	3.33754e-12
25	1921.52	3.18254e-12
26	1886.64	3.35168e-12
27	1877.62	3.30816e-12
28	1857.99	3.39315e-12
29	1845.08	3.41928e-12
30	1816.51	3.06273e-12
31	1806.58	3.03374e-12
32	1787.89	3.27865e-12
33	1782.58	3.15555e-12
34	1757.29	2.91319e-12
35	1744.7	2.98581e-12
36	1723.92	3.2333e-12
37	1714.29	3.31916e-12
38	1697.61	3.32393e-12
39	1687.7	3.24467e-12
40	1685.28	3.13025e-12
41	1674.56	3.13496e-12
42	1659.75	3.25049e-12
43	1645.97	3.31171e-12
44	1634.17	3.29475e-12
45	1625.43	3.28167e-12
46	1618.19	3.35199e-12
47	1615.07	3.41667e-12
48	1601.53	3.35133e-12
49	1593.87	3.40983e-12
50	1586.13	3.44151e-12
51	1580.65	3.28361e-12
52	1571.68	3.30045e-12
53	1562.56	3.37654e-12
54	1550.83	3.48974e-12
55	1543.52	3.18058e-12
56	1538.94	3.38873e-12
57	1526.32	3.28224e-12
58	1522.06	3.17862e-12
59	1514.51	3.05979e-12
60	1509.47	3.33257e-12
61	1503.7	3.22404e-12
62	1497.68	3.19911e-12
63	1486.46	3.25001e-12
64	1480.34	3.13582e-12
65	1464.31	3.43002e-12
66	1456.4	3.50634e-12
67	1451.95	3.34719e-12
68	1448.34	3.416e-12
69	1441.32	3.60365e-12
70	1436.53	3.31332e-12
71	1429.23	3.42442e-12
72	1425.09	3.5175e-12
73	1420.07	3.2228e-12
74	1418.73	3.31016e-12
75	1416.37	3.3279e-12
76	1409.6	3.20471e-12
77	1393.51	3.30572e-12
78	1391.91	3.14097e-12
79	1382.71	3.31417e-12
80	1381.52	3.25244e-12
81	1377.07	3.22185e-12
82	1374.22	3.39015e-12
83	1369.82	3.33661e-12
84	1364.08	3.20066e-12
85	1359.99	3.27147e-12
86	1356.02	3.28939e-12
87	1354.03	3.03234e-12
88	1351.48	3.23578e-12
89	1347.85	3.14352e-12
90	1344.11	3.15855e-12
91	1342.17	3.21068e-12
92	1338.62	3.24806e-12
93	1331.04	3.26721e-12
94	1327.98	3.36859e-12
95	1324.78	3.40975e-12
96	1323.72	3.3373e-12
97	1318.67	3.27488e-12
98	1316.24	3.23311e-12
99	1312.31	3.19407e-12
100	1307.52	3.38704e-12
101	1299.08	3.18047e-12
102	1296.38	3.19913e-12
103	1294.5	3.45281e-12
104	1291.22	3.30046e-12
105	1285.12	3.22064e-12
106	1277.75	3.4371e-12
107	1273.41	3.30919e-12
108	1267.67	3.46536e-12
109	1265	3.53089e-12
110	1262.64	3.54195e-12
111	1258.86	3.43539e-12
112	1255.41	3.43215e-12
113	1251.4	3.34459e-12
114	1249.73	3.00893e-12
115	1247.54	3.41661e-12
116	1244.77	3.30538e-12
117	1238.97	3.43762e-12
118	1236.72	3.70288e-12
119	1234.36	3.56478e-12
120	1229.46	3.27321e-12
121	1225.85	3.30942e-12
122	1220.17	3.27962e-12
123	1215.32	3.42844e-12
124	1212.69	3.21084e-12
125	1211.45	3.25006e-12
126	1209.93	3.28514e-12
127	1206.33	3.28569e-12
128	1205.25	3.13959e-12
129	1203.74	3.0614e-12
130	1202.43	3.05401e-12
131	1195.38	3.07518e-12
132	1193.23	3.26711e-12
133	1191.77	3.2176e-12
134	1187.62	3.19557e-12
135	1185.06	3.12683e-12
136	1182.88	3.07545e-12
137	1179.76	3.31751e-12
138	1177.4	3.26289e-12
139	1175.39	3.23422e-12
140	1171.74	3.36925e-12
141	1168.49	3.32925e-12
142	1167.88	3.27136e-12
143	1166.62	3.50046e-12
144	1161.72	3.2621e-12
145	1160.01	3.32535e-12
146	1158.57	3.17764e-12
147	1154.09	3.12323e-12
148	1147.93	3.32256e-12
149	1143.56	3.16023e-12
150	1140.35	3.05759e-12
151	1137.17	3.05387e-12
152	1132.48	3.20166e-12
153	1128.79	3.32851e-12
154	1127.94	3.16073e-12
155	1126.93	3.49764e-12
156	1125.57	3.00988e-12
157	1121.59	3.3376e-12
158	1115.8	3.09122e-12
159	1113.79	3.3176e-12
160	1105.75	3.13832e-12
161	1102.84	3.51006e-12
162	1100.37	3.38825e-12
163	1099.59	3.37418e-12
164	1097.36	3.22041e-12
165	1096.88	3.37762e-12
166	1094.45	3.32593e-12
167	1092.45	3.2617e-12
168	1091.45	3.06885e-12
169	1089.11	3.30661e-12
170	1084.57	3.53769e-12
171	1082.45	3.25364e-12
172	1081.74	3.23766e-12
173	1079.59	3.40567e-12
174	1077.64	3.36662e-12
175	1077.34	3.17362e-12
176	1075.1	3.18885e-12
177	1074.55	3.28203e-12
178	1070.76	3.31653e-12
179	1070.33	3.30874e-12
180	1067.5	3.20758e-12
181	1065.1	3.42477e-12
182	1062.41	3.40244e-12
183	1061.04	3.21045e-12
184	1057.46	3.22804e-12
185	1055.17	3.24138e-12
186	1052.01	3.28234e-12
187	1051.64	3.53474e-12
188	1049.2	3.27065e-12
189	1046.57	3.23338e-12
190	1046.11	3.27482e-12
191	1045.01	3.2542e-12
192	1041.05	3.18748e-12
193	1038.65	3.27041e-12
194	1037.11	3.18477e-12
195	1033.21	3.12214e-12
196	1029.65	2.98067e-12
197	1027.63	3.35174e-12
198	1026.49	3.29525e-12
199	1025.44	3.22361e-12
200	1024.59	3.19074e-12
201	1022.63	3.37951e-12
202	1021.39	3.41554e-12
203	1019.81	3.59896e-12
204	1017.82	3.18599e-12
205	1017.18	3.39425e-12
206	1016.93	3.04381e-12
207	1012.54	3.29434e-12
208	1011.62	3.1599e-12
209	1010.42	3.2306e-12
210	1008.87	3.17725e-12
211	1006.9	3.53036e-12
212	1005.71	3.36689e-12
213	1004.04	3.42689e-12
214	1001.09	3.27148e-12
215	1000.03	3.21117e-12
216	999.715	2.99914e-12
217	999.093	3.34114e-12
218	997.323	3.03467e-12
219	995.415	3.22393e-12
220	993.243	3.27386e-12
221	992.729	3.51539e-12
222	991.125	3.06616e-12
223	989.419	3.1541e-12
224	987.201	3.14393e-12
225	986.787	3.28494e-12
226	984.862	3.29134e-12
227	983.894	3.25379e-12
228	983.081	3.45288e-12
229	981.952	3.40301e-12
230	980.382	3.30592e-12
231	977.83	3.28214e-12
232	975.924	3.35632e-12
233	974.692	3.40137e-12
234	973.495	3.33298e-12
235	971.622	3.34881e-12
236	970.756	3.31642e-12
237	964.402	3.34238e-12
238	962.982	3.28339e-12
239	961.502	3.59209e-12
240	959.372	3.21292e-12
241	958.114	3.40438e-12
242	956.899	3.31502e-12
243	954.544	3.33823e-12
244	953.407	3.42679e-12
245	951.926	3.32886e-12
246	951.582	3.22655e-12
247	946.858	3.2851e-12
248	944.618	3.32336e-12
249	944.495	3.31474e-12
250	942.314	3.46417e-12
251	941.702	3.50412e-12
252	940.472	3.20504e-12
253	938.854	3.42304e-12
254	936.508	3.42418e-12
255	935.184	3.55994e-12
256	934.028	3.3943e-12
257	933.074	3.29907e-12
258	932.016	3.30845e-12
259	928.801	3.35336e-12
260	927.703	3.39581e-12
261	926.606	3.47276e-12
262	925.073	3.14776e-12
263	922.914	3.33561e-12
264	921.602	3.4525e-12
265	921.112	3.39354e-12
266	919.573	3.31185e-12
267	918.975	3.32735e-12
268	918.148	3.42927e-12
269	916.518	3.50132e-12
270	915.426	3.41402e-12
271	914.195	3.16646e-12
272	911.505	3.31805e-12
273	911.234	3.41481e-12
274	910.45	3.34418e-12
275	908.961	3.34283e-12
276	907.604	3.27144e-12
277	907.013	3.22067e-12
278	905.442	3.31611e-12
279	904.669	3.37834e-12
280	903.153	3.28904e-12
281	900.745	3.25099e-12
282	898.942	3.22923e-12
283	898.137	3.53134e-12
284	897.319	3.33399e-12
285	895.903	3.33062e-12
286	895.018	3.50699e-12
287	894.586	3.5356e-12
288	892.828	3.4378e-12
289	891.561	3.55485e-12
290	890.96	3.67388e-12
291	889.925	3.49771e-12
292	888.788	3.40658e-12
293	887.765	3.40113e-12
294	885.133	3.42971e-12
295	882.317	3.25562e-12
296	881.276	3.49351e-12
297	881.026	3.01304e-12
298	879.412	3.30895e-12
299	878.216	3.50095e-12
300	876.74	3.4854e-12
301	874.341	3.49667e-12
302	873.218	3.33888e-12
303	871.851	3.31024e-12
304	870.971	3.37327e-12
305	870.409	3.43311e-12
306	869.486	3.22543e-12
307	868.928	3.30499e-12
308	868.352	3.19834e-12
309	866.825	3.38381e-12
310	864.527	3.24303e-12
311	864.231	3.36074e-12
312	863.147	3.4392e-12
313	862.6	3.46893e-12
314	861.851	3.23648e-12
315	860.904	3.28296e-12
316	860.166	3.31717e-12
317	859.568	3.32945e-12
318	858.24	3.32743e-12
319	856.029	3.28737e-12
320	854.241	3.53793e-12
321	853.816	3.53278e-12
322	851.789	3.28056e-12
323	850.579	3.27013e-12
324	849.538	3.42057e-12
325	848.745	3.26205e-12
326	848.037	3.21042e-12
327	847.523	3.35376e-12
328	846.626	3.34168e-12
329	845.929	3.4956e-12
330	844.527	3.2962e-12
331	843.126	3.29051e-12
332	841.511	3.12897e-12
333	838.949	3.48685e-12
334	838.111	3.35676e-12
335	837.341	3.28533e-12
336	835.759	3.28789e-12
337	835.163	3.2732e-12
338	834.538	3.19394e-12
339	833.17	3.28895e-12
340	831.994	3.25323e-12
341	830.573	3.19444e-12
342	829.973	3.23985e-12
343	828.72	3.26969e-12
344	827.47	3.14109e-12
345	826.932	3.29903e-12
346	826.16	3.2514e-12
347	825.771	3.33296e-12
348	824.849	3.36599e-12
349	824.281	3.20244e-12
350	823.514	3.16152e-12
351	820.866	3.32042e-12
352	820.402	3.35439e-12
353	818.495	3.39613e-12
354	818.026	3.38704e-12
355	816.862	3.32379e-12
356	815.335	3.05094e-12
357	813.673	3.17483e-12
358	812.676	3.18769e-12
359	811.913	3.22071e-12
360	811.488	3.11613e-12
361	810.656	3.34432e-12
362	810.022	3.36397e-12
363	809.413	3.3547e-12
364	808.693	3.34955e-12
365	807.623	3.17808e-12
366	807.338	3.29058e-12
367	806.23	3.2215e-12
368	805.893	3.17291e-12
369	804.701	3.16919e-12
370	804.013	3.12684e-12
371	803.578	3.13538e-12
372	803.025	3.23096e-12
373	802.301	3.19034e-12
374	801.333	3.33365e-12
375	799.682	3.33252e-12
376	798.232	3.35585e-12
377	797.205	3.25472e-12
378	796.532	3.24825e-12
379	794.784	3.21667e-12
380	794.43	3.3551e-12
381	791.918	3.20674e-12
382	789.938	3.23351e-12
383	789.263	3.0296e-12
384	788.612	3.23211e-12
385	788.458	3.26842e-12
386	787.181	3.42133e-12
387	786.333	3.40257e-12
388	784.595	3.20803e-12
389	782.655	3.1837e-12
390	782.311	3.22923e-12
391	781.219	3.11228e-12
392	780.877	3.06618e-12
393	780.028	3.07909e-12
394	779.256	3.02316e-12
395	778.332	3.07502e-12
396	777.685	3.12615e-12
397	776.874	3.07746e-12
398	776.261	3.01068e-12
399	775.387	3.2015e-12
400	774.471	3.02366e-12
401	774.206	3.05219e-12
402	772.779	2.99921e-12
403	772.428	3.04292e-12
404	772.038	2.99207e-12
405	771.246	2.97818e-12
406	769.59	2.98617e-12
407	768.598	3.04872e-12
408	767.775	3.14494e-12
409	766.957	3.22259e-12
410	765.914	3.23144e-12
411	764.917	3.2759e-12
412	764.237	3.13949e-12
413	763.991	3.11855e-12
414	763.478	3.18257e-12
415	763.045	3.2079e-12
416	762.231	3.17657e-12
417	761.572	3.15468e-12
418	760.942	3.19429e-12
419	760.474	3.24001e-12
420	759.601	3.22384e-12
421	758.707	3.13898e-12
422	758.629	3.1526e-12
423	757.564	3.19814e-12
424	757.118	3.31495e-12
425	756.388	3.30045e-12
426	755.531	3.26068e-12
427	755.082	3.19703e-12
428	754.355	3.16618e-12
429	753.557	3.31983e-12
430	752.372	3.14782e-12
431	751.688	3.11139e-12
432	751.167	3.0744e-12
433	750.429	3.13531e-12
434	750.224	3.34505e-12
435	749.001	3.23298e-12
436	748.283	3.20124e-12
437	748.036	3.24105e-12
438	747.743	3.45173e-12
439	746.996	3.25526e-12
440	746.335	3.2202e-12
441	745.363	3.12581e-12
442	743.481	3.18479e-12
443	742.711	3.37813e-12
444	742.015	3.15714e-12
445	741.391	3.05685e-12
446	740.384	3.15535e-12
447	739.738	3.14102e-12
448	738.195	3.21714e-12
449	737.631	3.20846e-12
450	736.955	3.29117e-12
451	736.603	3.19794e-12
452	735.343	3.1956e-12
453	734.593	3.1135e-12
454	733.838	2.95062e-12
455	733.099	2.96827e-12
456	731.902	3.31359e-12
457	731.089	3.10889e-12
458	730.457	3.08235e-12
459	730.329	3.05669e-12
460	729.77	3.07918e-12
461	729.413	3.13147e-12
462	728.333	3.10539e-12
463	727.85	3.05162e-12
464	727.541	3.06012e-12
465	726.751	3.19319e-12
466	724.668	3.10614e-12
467	723.608	3.07622e-12
468	722.693	3.28141e-12
469	722.044	3.38221e-12
470	720.788	3.10184e-12
471	720.176	3.31159e-12
472	719.216	3.18689e-12
473	718.715	3.1411e-12
474	718.25	3.11496e-12
475	717.557	3.00017e-12
476	716.584	3.06557e-12
477	715.139	3.16999e-12
478	714.578	3.03758e-12
479	714.162	3.04716e-12
480	712.381	3.07401e-12
481	711.742	3.04574e-12
482	711.396	3.17409e-12
483	710.838	3.23112e-12
484	709.986	3.16184e-12
485	709.714	2.91517e-12
486	709.562	3.22717e-12
487	708.604	3.0621e-12
488	708.016	3.3035e-12
489	707.086	3.06852e-12
490	706.291	2.9338e-12
491	706.218	3.0583e-12
492	705.548	3.10924e-12
493	704.603	3.20509e-12
494	704.17	3.09201e-12
495	703.846	3.05643e-12
496	702.815	3.10799e-12
497	702.438	3.14373e-12
498	702.234	3.1532e-12
499	701.273	3.14483e-12
500	700.589	3.16778e-12
501	700.377	3.08056e-12
502	700.217	3.12786e-12
503	698.934	3.08178e-12
504	698.519	3.1476e-12
505	698.074	3.1758e-12
506	697.4	3.06311e-12
507	697.122	3.09313e-12
508	696.233	3.19236e-12
509	695.621	7.35259e-12
510	695.193	7.11195e-11
511	694.444	5.32621e-11
512	693.715	4.53224e-11
513	693.299	4.3421e-11
514	692.823	1.08815e-10
515	691.524	9.09141e-10
516	691.093	1.8253e-09
517	690.625	5.94225e-09
518	690.037	1.22196e-08
519	689.654	2.45659e-07
520	689.072	1.96106e-07
521	688.507	3.10548e-06
522	688.036	2.28454e-06
523	687.332	6.60413e-06
524	686.433	7.44777e-06
525	686.078	4.85999e-06
526	685.386	5.45964e-05
527	684.969	3.95014e-05
528	684.529	8.38826e-05
529	683.995	6.14077e-05
530	683.194	6.89105e-05
531	682.486	0.000544033
532	682.256	0.000575229
533	681.753	0.000341866
534	680.401	0.00137233
535	679.757	0.0180036
536	679.592	0.0406949
537	679.131	0.0285047
538	678.926	0.0386027
539	678.603	0.0561394
540	677.985	0.051962
541	677.588	0.0558594
542	677.322	0.0368591
543	676.303	0.0559681
544	675.731	0.0708982
545	675.404	0.0687039
546	674.705	0.240696
547	674.591	0.430286
548	673.783	0.283336
549	673.307	0.0790365
550	673.204	0.0701307
551	672.629	0.212579
552	672.075	0.158452
553	671.915	0.0409874
554	671.532	0.0117186
555	670.839	0.0379381
556	670.099	0.0576498
557	670.013	0.197073
558	669.215	0.13808
559	668.71	0.0614327
560	668.507	0.0449492
561	666.58	0.0435514
562	666.407	0.485583
563	666.018	0.349047
564	664.926	0.0541104
565	664.647	0.0978821
566	663.919	0.0686088
567	663.429	0.0125053
568	662.029	0.407171
569	661.819	0.290279
570	661.27	0.053136
571	660.92	0.0427589
572	659.633	0.0213094
573	659.163	0.180532
574	659.014	0.1293
575	658.138	0.0411294
576	657.866	0.0272434
577	657.423	0.0355733
578	656.975	0.0262227
579	656.421	0.0132066
580	656.407	0.0308266
581	655.769	0.0208839
582	654.138	0.0058999
583	653.191	0.0041423
584	652.435	0.00220528
585	651.686	0.00214554
586	650.428	0.139249
587	650.054	0.104682
588	649.595	0.0488964
589	649.075	0.0539511
590	648.724	0.0321715
591	648.164	0.0140458
592	648.053	0.0113427
593	647.607	0.0381219
594	647.148	0.0275377
595	646.641	0.00544739
596	645.813	0.0242712
597	645.765	0.0226822
598	645.276	0.0260763
599	644.891	0.0169033
600	644.223	0.0660447
601	643.527	0.0578777
602	643.204	0.0283739
603	641.974	0.0800438
604	641.66	0.0989012
605	641.261	0.0805598
606	640.447	0.0405004
607	639.875	0.028565
608	639.237	0.044276
609	639.162	0.0351906
610	638.368	0.0836681
611	637.945	0.10688
612	637.69	0.263798
613	637.28	0.17724
614	637.064	0.1733
615	636.472	0.138656
616	635.956	0.0508097
617	634.771	0.0118382
618	634.534	0.0812025
619	634.039	0.0763743
620	633.08	0.0359177
621	633.028	0.0108415
622	632.446	0.0114008
623	632.329	0.00826606
624	632.081	0.0276589
625	631.632	0.0191015
626	631.522	0.0592056
627	630.732	0.0840734
628	630.465	0.0543598
629	630.198	0.0957081
630	629.61	0.0676691
631	629.518	0.0744452
632	628.35	0.0669397
633	628.056	0.0572611
634	626.994	0.0358597
635	626.73	0.0368895
636	626.234	0.0836429
637	625.911	0.0571208
638	625.507	0.027398
639	625.477	0.0175123
640	624.467	0.00709989
641	624.38	0.0151721
642	623.905	0.0403872
643	623.749	0.0560576
644	623.218	0.0352315
645	623.025	0.104175
646	622.798	0.0726515
647	622.09	0.0705336
648	621.884	0.0912466
649	621.278	0.119973
650	621.067	0.0954299
651	620.358	0.0931228
652	619.911	0.0671545
653	619.805	0.0572772
654	619.352	0.123382
655	618.592	0.0842405
656	618.116	0.0705241
657	617.834	0.121142
658	617.294	0.13783
659	616.417	0.0840975
660	616.042	0.0349729
661	615.715	0.0610273
662	615.289	0.0457497
663	614.965	0.0298695
664	614.927	0.0185254
665	614.764	0.012295
666	614.324	0.101759
667	613.841	0.0746543
668	613.48	0.0472656
669	613.436	0.0658193
670	612.924	0.118463
671	612.611	0.0754929
672	612.219	0.123347
673	612.039	0.0845135
674	611.214	0.0339321
675	611.096	0.0481531
676	610.999	0.0483728
677	610.479	0.0991076
678	610.275	0.0645612
679	610.004	0.122853
680	609.795	0.100924
681	609.225	0.0402249
682	608.894	0.00725732
683	608.558	0.0808621
684	607.787	0.0704986
685	607.185	0.0446187
686	606.828	0.0687105
687	606.657	0.043776
688	606.161	0.106931
689	605.808	0.0730718
690	605.645	0.0105773
691	605.565	0.0127565
692	605.283	0.124402
693	604.801	0.084539
694	604.344	0.0171008
695	604.194	0.0411285
696	604.002	0.0283423
697	603.728	0.00853961
698	603.55	0.0997545
699	602.797	0.136482
700	602.137	0.0808228
701	601.907	0.114748
702	601.682	0.0978117
703	601.181	0.0410564
704	601.12	0.0506135
705	600.586	0.0351781
706	599.702	0.0258851
707	599.379	0.017029
708	599.143	0.0337897
709	598.636	0.046655
710	598.214	0.0691359
711	597.772	0.0663237
712	597.354	0.0443156
713	597.028	0.0470216
714	596.36	0.047554
715	596.186	0.0255066
716	595.042	0.0388501
717	594.979	0.0290447
718	594.545	0.149472
719	593.877	0.0994046
720	593.777	0.0272419
721	593.293	0.103629
722	592.529	0.0682607
723	592.342	0.0721739
724	591.594	0.0798892
725	591.421	0.0429741
726	591.303	0.00879202
727	590.776	0.0187182
728	590.684	0.104972
729	590.013	0.122177
730	589.524	0.0783321
731	589.091	0.0458096
732	588.667	0.067747
733	588.444	0.0418338
734	588.17	0.0639281
735	587.51	0.0426615
736	587.129	0.0729429
737	586.578	0.0492124
738	586.294	0.0187021
739	585.891	0.0700923
740	585.581	0.0587161
741	585.277	0.0620522
742	584.972	0.038055
743	584.839	0.0183615
744	584.511	0.0636076
745	584.179	0.0808962
746	583.67	0.0794581
747	582.814	0.0511127
748	582.47	0.0365194
749	582.345	0.0372659
750	581.53	0.132582
751	580.892	0.11373
752	580.26	0.0493855
753	580.006	0.034062
754	579.574	0.087763
755	579.137	0.0908494
756	579.016	0.0483504
757	578.923	0.0464323
758	578.058	0.0311909
759	577.717	0.00954678
760	577.646	0.0211352
761	577.279	0.0262236
762	576.986	0.057813
763	576.82	0.0372326
764	576.464	0.0594345
765	576.206	0.0389492
766	575.978	0.0146582
767	575.741	0.0630349
768	575.511	0.0422699
769	575.008	0.0906246
770	574.718	0.0715603
771	574.313	0.0851039
772	573.961	0.0636348
773	573.741	0.0491683
774	573.237	0.0283128
775	573.005	0.0221842
776	572.774	0.0315895
777	572.663	0.0184471
778	571.984	0.00334786
779	571.878	0.0824319
780	571.349	0.0652476
781	571.243	0.0518457
782	570.327	0.12559
783	569.835	0.0805051
784	569.653	0.0121863
785	569.218	0.0416319
786	568.947	0.0268326
787	568.526	0.0217647
788	568.388	0.0167596
789	567.851	0.0701558
790	567.094	0.0558209
791	567.075	0.0281833
792	566.591	0.0687603
793	566.217	0.11082
794	565.864	0.06601
795	565.206	0.105688
796	565.015	0.0777618
797	564.702	0.0397521
798	564.38	0.105918
799	563.66	0.0703024
800	563.016	0.025428
801	562.265	0.0627535
802	562.01	0.0459432
803	561.798	0.0427475
804	561.228	0.0901117
805	560.859	0.0563379
806	560.391	0.0596542
807	559.879	0.0647019
808	559.59	0.0404315
809	559.446	0.0253716
810	559.294	0.102005
811	558.864	0.156212
812	558.264	0.0937263
813	557.933	0.0657803
814	557.516	0.0698014
815	557.187	0.0360961
816	556.469	0.115622
817	555.822	0.0871923
818	555.287	0.122768
819	555.044	0.0767695
820	554.808	0.0318512
821	554.215	0.0202584
822	553.736	0.0379968
823	553.209	0.0626716
824	553.013	0.0405297
825	552.7	0.0684732
826	552.17	0.0764428
827	552.087	0.077065
828	551.955	0.0455134
829	551.442	0.156242
830	550.961	0.0998956
831	550.883	0.0399023
832	550.712	0.104313
833	550.482	0.0647531
834	549.773	0.00515612
835	549.522	0.0464506
836	549.401	0.0348278
837	549.196	0.0448674
838	548.751	0.0452619
839	548.285	0.0483113
840	548.131	0.0270834
841	547.838	0.019973
842	547.465	0.101584
843	547.088	0.0805645
844	546.965	0.0583331
845	546.809	0.032323
846	546.392	0.0993134
847	545.732	0.0900203
848	545.688	0.0693333
849	545.279	0.0402458
850	544.908	0.0120103
851	544.784	0.0360842
852	544.521	0.0456456
853	544.051	0.0392618
854	543.815	0.047888
855	543.331	0.0338478
856	543.294	0.0339252
857	542.686	0.0200469
858	542.444	0.110901
859	541.947	0.103011
860	541.876	0.0499607
861	541.006	0.0378922
862	540.682	0.0736571
863	540.322	0.0525275
864	540.259	0.0285029
865	539.851	0.117292
866	539.724	0.0855271
867	539.095	0.0317555
868	538.51	0.0995428
869	537.979	0.0632068
870	537.807	0.0371384
871	537.599	0.0388125
872	536.569	0.0322025
873	536.353	0.0629427
874	535.786	0.0704157
875	535.439	0.0373225
876	535.255	0.0252031
877	534.719	0.0478662
878	533.992	0.0656352
879	533.893	0.0591025
880	533.145	0.110599
881	532.598	0.0767582
882	531.953	0.0935401
883	531.773	0.0629175
884	531.389	0.151527
885	531.162	0.0939366
886	530.799	0.00872666
887	530.416	0.042623
888	529.875	0.0382096
889	529.617	0.0173737
890	529.442	0.0186511
891	529.137	0.0765406
892	528.993	0.0674845
893	528.487	0.0517205
894	528.269	0.0535057
895	527.993	0.0336917
896	527.568	0.0120098
897	527.322	0.0550793
898	526.933	0.0370404
899	526.575	0.0522616
900	526.463	0.0560625
901	525.826	0.0494531
902	525.527	0.035712
903	525.414	0.0586756
904	525.263	0.0597577
905	525.037	0.0390824
906	524.744	0.0171441
907	524.415	0.0833455
908	524.167	0.0520353
909	524.03	0.0360905
910	523.149	0.0309354
911	522.991	0.120919
912	522.685	0.0764734
913	522.499	0.0452262
914	522.23	0.104025
915	521.806	0.0628229
916	521.464	0.0978407
917	521.122	0.0657512
918	521.041	0.0279261
919	520.8	0.0494524
920	520.469	0.0292169
921	520.225	0.0774834
922	520.105	0.0634358
923	519.757	0.0260978
924	519.57	0.0312828
925	519.173	0.071414
926	518.739	0.0479001
927	518.379	0.031346
928	518.189	0.0301169
929	517.917	0.0171998
930	517.517	0.0235444
931	517.355	0.0144806
932	516.893	0.0504097
933	516.564	0.0447852
934	516.172	0.0203547
935	515.974	0.00775196
936	515.849	0.0788593
937	515.208	0.0498408
938	515.112	0.0438238
939	515.026	0.0522962
940	514.694	0.0295807
941	514.429	0.00819206
942	514.194	0.0395246
943	513.9	0.0436542
944	513.84	0.0605924
945	513.537	0.0349216
946	513.041	0.0802741
947	512.455	0.0572304
948	512.273	0.0211694
949	512.214	0.00741181
950	511.972	0.00816658
951	511.815	0.0837313
952	511.436	0.0520279
953	511.178	0.0453297
954	510.86	0.040169
955	510.793	0.106608
956	510.448	0.0640473
957	510.098	0.0182198
958	509.986	0.0121745
959	509.612	0.0580387
960	509.297	0.0361823
961	508.986	0.0112958
962	508.719	0.0884897
963	508.315	0.0743377
964	508.179	0.0312442
965	508.018	0.0344625
966	507.972	0.0410268
967	507.649	0.0662176
968	507.372	0.0382149
969	507.022	0.0348179
970	506.376	0.0210506
971	506.206	0.0511115
972	506.116	0.0310269
973	505.992	0.0225816
974	505.936	0.0295188
975	505.436	0.0259957
976	505.383	0.081189
977	505.2	0.0830885
978	505.017	0.0407921
979	504.645	0.019785
980	504.549	0.0591747
981	504.204	0.0533484
982	504.016	0.0273738
983	503.814	0.0326117
984	503.259	0.0670457
985	503.01	0.112479
986	502.563	0.0639508
987	502.178	0.00400917
988	501.934	0.0919688
989	501.432	0.0559388
990	501.286	0.0704758
991	501.163	0.109135
992	500.578	0.076751
993	500.342	0.0791232
994	500.15	0.0453316
995	499.662	0.0219996
996	499.335	0.027534
997	498.797	0.0951037
998	498.625	0.0569588
999	498.31	0.00740324
1000	498.195	0.046472
1001	497.882	0.0530695
1002	497.792	0.0281019
1003	497.513	0.00463699
1004	497.426	0.0225349
1005	497.164	0.0197455
1006	496.911	0.0629535
1007	496.769	0.0395091
1008	496.704	0.0079121
1009	496.532	0.0342406
1010	496.374	0.0707644
1011	496.083	0.0423889
1012	495.589	0.0791626
1013	495.147	0.0470482
1014	494.989	0.0559535
1015	494.747	0.068568
1016	494.394	0.0378022
1017	494.173	0.0106975
1018	493.923	0.045036
1019	493.804	0.0271117
1020	493.769	0.0109049
1021	493.389	0.043788
1022	493.175	0.0263414
1023	492.828	0.0409116
1024	492.694	0.0361864
1025	492.455	0.0445461
1026	492.364	0.0251235
1027	492.156	0.037381
1028	491.855	0.0517343
1029	491.578	0.0599714
1030	491.384	0.0717434
1031	491.115	0.0387859
1032	491.021	0.0260694
1033	490.664	0.0500217
1034	490.479	0.061818
1035	490.329	0.0436573
1036	490.234	0.021606
1037	490.027	0.0242203
1038	489.681	0.0549933
1039	489.273	0.0689555
1040	489.21	0.0395244
1041	489.05	0.0143138
1042	488.644	0.0570507
1043	488.357	0.0922385
1044	488.147	0.0674294
1045	488.118	0.0294809
1046	487.88	0.0455668
1047	487.658	0.0324079
1048	487.32	0.0125627
1049	487.06	0.063171
1050	486.587	0.0439582
1051	486.364	0.0356582
1052	486.254	0.0420772
1053	485.986	0.0954459
1054	485.468	0.0547724
1055	485.277	0.00965794
1056	485.022	0.0878039
1057	484.742	0.0515743
1058	484.556	0.00852986
1059	484.496	0.00509283
1060	484.293	0.0276804
1061	484.016	0.0750838
1062	483.858	0.0698905
1063	483.191	0.0327067
1064	483.031	0.0526298
1065	482.85	0.050196
1066	482.608	0.0350076
1067	482.193	0.038899
1068	482.097	0.0563296
1069	481.867	0.0406491
1070	481.842	0.0577833
1071	481.42	0.0369288
1072	481.293	0.0174887
1073	480.9	0.0429755
1074	480.671	0.0462938
1075	480.517	0.0567603
1076	480.234	0.0311137
1077	480.02	0.0683795
1078	479.872	0.0962696
1079	479.271	0.0568527
1080	478.993	0.0164242
1081	478.772	0.0320476
1082	478.56	0.0189026
1083	478.446	0.0534333
1084	478.158	0.0346358
1085	478.121	0.0233041
1086	477.925	0.0309165
1087	477.619	0.0186352
1088	477.321	0.0699259
1089	477.208	0.0420724
1090	477.16	0.0356645
1091	476.982	0.0204714
1092	476.688	0.100432
1093	476.504	0.0588077
1094	476.174	0.030746
1095	476.114	0.0672714
1096	475.932	0.0383345
1097	475.749	0.0125363
1098	475.497	0.0627877
1099	475.229	0.0646229
1100	475.013	0.0556359
1101	474.847	0.0317777
1102	474.477	0.0131493
1103	474.322	0.0847204
1104	474.051	0.0637457
1105	473.871	0.0285599
1106	473.796	0.0173637
1107	473.521	0.0672245
1108	473.244	0.0584633
1109	473.046	0.0273586
1110	472.914	0.0450021
1111	472.652	0.0256037
1112	472.002	0.102276
1113	471.756	0.0598871
1114	471.492	0.00789342
1115	471.389	0.0206117
1116	471.243	0.0257657
1117	471.131	0.0257132
1118	470.609	0.0956481
1119	470.337	0.0548146
1120	470.092	0.0738741
1121	469.97	0.07207
1122	469.53	0.0528391
1123	469.31	0.036825
1124	468.89	0.040146
1125	468.791	0.0427812
1126	468.578	0.0521878
1127	468.265	0.0292012
1128	467.926	0.023871
1129	467.697	0.0773403
1130	467.522	0.0785533
1131	467.302	0.0686364
1132	466.951	0.033101
1133	466.79	0.0526512
1134	466.316	0.0631951
1135	465.987	0.0329871
1136	465.678	0.0579071
1137	465.519	0.05746
1138	465.363	0.0381425
1139	465.093	0.0255729
1140	464.802	0.0390652
1141	464.536	0.0674489
1142	464.177	0.0680842
1143	463.964	0.0635949
1144	463.728	0.0408526
1145	463.457	0.0614475
1146	584.999	0.368032
1147	469.322	2.00906
1148	468.637	2.11305
1149	468.362	1.84383
1150	467.509	1.68814
1151	467.113	1.6096
1152	466.315	1.56693
1153	466.084	1.54378
1154	465.617	1.5251
1155	464.824	1.504
1156	464.571	1.49502
1157	464.197	1.48756
1158	463.681	1.48475
1159	463.566	1.4741
1160	462.886	1.47073
1161	462.718	1.46306
1162	462.536	1.46981
1163	462.326	1.46021
1164	462.164	1.45928
1165	462.049	1.44876
1166	461.882	1.45959
1167	461.591	1.44795
1168	461.36	1.45127
1169	461.264	1.45122
1170	461.223	1.44009
1171	460.992	1.4526
1172	460.843	1.44474
1173	460.791	1.44149
1174	460.515	1.43801
1175	460.293	1.44399
1176	460.033	1.4378
1177	459.848	1.43585
1178	459.759	1.43714
1179	459.695	1.43958
1180	459.484	1.43687
1181	459.363	1.43289
1182	459.233	1.43806
1183	458.947	1.43449
1184	458.81	1.4382
1185	458.535	1.43307
1186	458.417	1.43698
1187	457.952	1.43166
1188	457.885	1.43333
1189	457.672	1.43105
1190	457.569	1.42645
1191	457.449	1.43269
1192	457.327	1.42833
1193	457.008	1.43596
1194	456.997	1.42764
1195	456.897	1.4312
1196	456.646	1.43077
1197	456.308	1.4287
1198	456.179	1.43223
1199	455.98	1.42598
1200	455.73	1.42355
1201	455.705	1.43504
1202	455.297	1.42996
1203	455.25	1.42602
1204	455.052	1.42764
1205	454.799	1.42372
1206	454.745	1.43006
1207	454.589	1.42492
1208	454.37	1.42939
1209	454.215	1.43229
1210	453.586	1.42224
1211	453.332	1.42597
1212	453.253	1.42604
1213	452.71	1.42448
1214	452.571	1.42824
1215	452.475	1.42738
1216	452.197	1.42982
1217	452.008	1.42052
1218	451.88	1.42513
1219	451.463	1.42226
1220	451.224	1.42737
1221	450.973	1.42296
1222	450.941	1.42799
1223	450.662	1.42672
1224	450.385	1.41916
1225	450.278	1.42841
1226	450.167	1.4262
1227	449.61	1.42128
1228	449.106	1.4277
1229	449.069	1.42546
1230	448.98	1.42677
1231	448.82	1.42067
1232	448.561	1.42901
1233	448.377	1.4166
1234	448.097	1.4286
1235	448.013	1.42091
1236	447.949	1.42463
1237	447.442	1.42318
1238	447.303	1.42856
1239	447.096	1.4215
1240	447.048	1.42053
1241	446.869	1.42659
1242	446.774	1.4227
1243	446.586	1.42435
1244	446.473	1.42316
1245	446.147	1.41881
1246	445.955	1.4309
1247	445.835	1.42205
1248	445.749	1.42449
1249	445.496	1.41835
1250	445.418	1.42385
1251	445.213	1.42476
1252	445.048	1.42472
1253	444.948	1.4185
1254	444.809	1.42354
1255	444.712	1.42436
1256	444.424	1.42384
1257	444.364	1.42454
1258	444.13	1.42229
1259	443.991	1.42249
1260	443.748	1.42223
1261	443.677	1.42075
1262	443.517	1.4266
1263	443.366	1.41969
1264	443.306	1.42395
1265	443.156	1.42836
1266	442.816	1.41739
1267	442.701	1.42082
1268	442.583	1.42348
1269	442.37	1.42344
1270	442.14	1.42381
1271	441.674	1.42058
1272	441.487	1.42459
1273	441.432	1.42345
1274	441.268	1.41468
1275	441.194	1.42402
1276	441.102	1.42825
1277	440.854	1.41654
1278	440.81	1.42769
1279	440.65	1.42122
1280	440.374	1.42791
1281	440.12	1.41656
1282	439.971	1.42488
1283	439.787	1.41973
1284	439.724	1.42402
1285	439.399	1.42434
1286	438.963	1.42291
1287	438.93	1.41663
1288	438.872	1.42101
1289	438.725	1.42621
1290	438.668	1.4207
1291	438.402	1.42042
1292	438.286	1.42314
1293	437.98	1.42181
1294	437.796	1.42121
1295	437.747	1.42281
1296	437.477	1.42817
1297	437.417	1.42152
1298	436.989	1.42427
1299	436.862	1.42247
1300	436.685	1.41512
1301	436.525	1.42572
1302	436.381	1.42396
1303	436.063	1.42274
1304	435.948	1.42036
1305	435.754	1.42649
1306	435.578	1.41538
1307	435.104	1.4216
1308	435.043	1.41905
1309	434.827	1.42448
1310	434.795	1.42096
1311	434.603	1.42374
1312	434.13	1.42002
1313	434.041	1.42024
1314	433.608	1.41823
1315	433.367	1.42378
1316	433.233	1.42228
1317	432.974	1.4228
1318	432.617	1.42712
1319	432.355	1.41931
1320	432.161	1.42131
1321	432.082	1.41748
1322	431.905	1.42336
1323	431.774	1.42297
1324	431.631	1.42539
1325	431.406	1.42336
1326	431.251	1.4166
1327	430.912	1.42096
1328	430.865	1.42234
1329	430.811	1.41769
1330	430.693	1.42629
1331	430.606	1.42368
1332	430.362	1.42119
1333	430.305	1.41629
1334	429.958	1.42459
1335	429.737	1.41852
1336	429.482	1.41753
1337	429.311	1.42011
1338	429.161	1.42495
1339	429.095	1.42073
1340	428.842	1.42344
1341	428.699	1.42169
1342	428.468	1.42129
1343	428.338	1.41732
1344	427.836	1.42982
1345	427.575	1.42148
1346	427.508	1.41608
1347	427.317	1.42059
1348	426.997	1.42372
1349	426.882	1.41929
1350	426.609	1.42572
1351	426.39	1.41853
1352	426.168	1.42349
1353	426.115	1.42111
1354	425.967	1.42729
1355	425.463	1.42154
1356	425.369	1.4198
1357	425.117	1.42638
1358	425.068	1.4227
1359	424.882	1.4206
1360	424.864	1.41976
1361	424.362	1.42165
1362	424.329	1.41858
1363	424.205	1.42916
1364	424.069	1.42114
1365	423.985	1.42149
1366	423.735	1.43199
1367	423.557	1.4205
1368	423.454	1.41854
1369	423.146	1.42344
1370	422.79	1.42206
1371	422.749	1.42349
1372	422.629	1.42473
1373	422.273	1.42264
1374	422.111	1.41574
1375	422.027	1.42881
1376	421.717	1.42308
1377	421.651	1.42445
1378	421.436	1.42369
1379	421.362	1.41996
1380	421.029	1.42647
1381	420.908	1.4221
1382	420.758	1.42214
1383	420.561	1.4248
1384	420.457	1.42706
1385	420.283	1.42342
1386	420.011	1.42541
1387	419.579	1.42649
1388	419.448	1.42077
1389	419.292	1.41994
1390	419.238	1.42385
1391	418.982	1.43251
1392	418.646	1.4253
1393	418.607	1.42512
1394	418.225	1.42381
1395	417.798	1.43051
1396	417.678	1.41714
1397	417.446	1.42605
1398	417.302	1.42903
1399	417.112	1.41814
1400	416.687	1.42406
1401	416.597	1.43156
1402	416.465	1.42515
1403	416.047	1.42805
1404	416.009	1.42243
1405	415.684	1.42502
1406	415.66	1.42754
1407	415.042	1.42291
1408	414.718	1.42403
1409	414.63	1.42434
1410	414.255	1.43208
1411	414.101	1.42228
1412	413.89	1.42303
1413	413.695	1.42701
1414	413.305	1.42918
1415	461.353	0.857233
1416	461.262	2.28657
1417	461.2	2.27124
1418	460.825	1.7748
1419	460.444	1.58823
1420	459.777	1.58107
1421	459.622	1.5384
1422	459.482	1.51398
1423	459.362	1.50684
1424	458.75	1.49967
1425	458.126	1.48399
1426	457.949	1.4842
1427	457.672	1.47741
1428	457.414	1.46879
1429	457.184	1.47358
1430	457.008	1.477
1431	456.851	1.47262
1432	456.225	1.46489
1433	456.035	1.45814
1434	455.725	1.45092
1435	455.287	1.4513
1436	455.037	1.45862
1437	454.772	1.457
1438	454.743	1.44347
1439	454.321	1.44169
1440	453.725	1.44256
1441	453.326	1.44793
1442	452.571	1.44874
1443	452.475	1.44509
1444	451.915	1.43364
1445	451.775	1.4298
1446	451.246	1.44528
1447	450.964	1.44252
1448	450.663	1.43117
1449	450.385	1.43252
1450	450.248	1.43111
1451	449.104	1.43384
1452	449.063	1.44059
1453	448.979	1.43126
1454	448.534	1.4254
1455	448.153	1.43684
1456	448.051	1.43669
1457	447.969	1.43089
1458	447.421	1.42651
1459	447.209	1.42595
1460	447.071	1.4307
1461	446.819	1.44503
1462	446.729	1.42208
1463	446.548	1.42544
1464	445.967	1.43205
1465	445.941	1.43185
1466	445.758	1.42424
1467	445.502	1.4212
1468	445.325	1.4326
1469	445.159	1.43289
1470	445.043	1.42995
1471	444.82	1.41929
1472	444.723	1.43034
1473	444.42	1.43242
1474	444.151	1.42513
1475	443.991	1.41596
1476	443.677	1.4305
1477	443.637	1.43558
1478	443.489	1.42423
1479	443.313	1.41776
1480	443.172	1.43225
1481	442.789	1.43109
1482	442.584	1.41895
1483	442.405	1.42411
1484	442.211	1.42778
1485	441.524	1.4293
1486	441.434	1.42313
1487	441.265	1.42225
1488	441.163	1.43194
1489	440.989	1.42172
1490	440.83	1.41948
1491	440.629	1.43046
1492	440.185	1.43215
1493	440.113	1.41754
1494	439.745	1.42565
1495	439.458	1.42823
1496	439.209	1.42355
1497	438.937	1.41986
1498	438.92	1.43095
1499	438.872	1.4225
1500	438.724	1.41914
1501	438.346	1.42673
1502	438.056	1.42164
1503	437.81	1.42522
1504	437.769	1.42798
1505	437.46	1.42152
1506	437.178	1.4274
1507	436.877	1.42657
1508	436.683	1.42292
1509	436.521	1.42091
1510	436.027	1.42136
1511	435.909	1.43312
1512	435.592	1.42029
1513	435.461	1.4197
1514	435.042	1.43034
1515	434.827	1.42287
1516	434.795	1.41716
1517	434.547	1.42707
1518	434.089	1.43208
1519	433.606	1.41806
1520	433.247	1.42225
1521	433.06	1.43099
1522	432.367	1.41885
1523	432.18	1.42925
1524	432.156	1.42612
1525	431.904	1.42029
1526	431.757	1.43137
1527	431.538	1.41788
1528	431.339	1.42392
1529	430.913	1.4221
1530	430.866	1.42168
1531	430.812	1.42233
1532	430.693	1.42855
1533	430.57	1.42221
1534	430.305	1.42287
1535	429.96	1.42777
1536	429.654	1.41872
1537	429.472	1.42863
1538	429.287	1.41967
1539	429.096	1.42321
1540	428.842	1.4236
1541	428.7	1.42317
1542	428.397	1.42784
1543	427.852	1.42102
1544	427.565	1.42753
1545	427.381	1.41916
1546	427.087	1.42828
1547	426.934	1.41996
1548	426.609	1.42254
1549	426.328	1.43303
1550	426.128	1.42039
1551	426.018	1.42353
1552	425.455	1.41718
1553	425.369	1.4317
1554	425.093	1.42759
1555	424.895	1.42172
1556	424.872	1.42125
1557	424.339	1.43066
1558	424.29	1.41862
1559	424.205	1.43296
1560	424.036	1.4174
1561	423.949	1.4205
1562	423.557	1.43031
1563	423.446	1.42291
1564	423.129	1.42056
1565	422.749	1.4293
1566	422.71	1.41929
1567	422.269	1.43005
1568	422.033	1.42408
1569	421.924	1.41961
1570	421.711	1.42721
1571	421.568	1.42581
1572	421.303	1.42595
1573	421.159	1.42152
1574	421	1.41989
1575	420.763	1.44247
1576	420.498	1.41097
1577	420.232	1.42694
1578	420.029	1.42923
1579	419.646	1.42516
1580	419.41	1.42393
1581	419.31	1.42674
1582	418.995	1.42239
1583	418.644	1.43174
1584	418.496	1.41898
1585	418.096	1.42818
1586	417.818	1.42189
1587	417.49	1.43063
1588	457.672	0.939974
1589	457.008	2.30537
1590	456.295	1.98495
1591	455.682	1.61922
1592	455.035	1.71107
1593	454.745	1.49704
1594	453.34	1.58542
1595	452.539	1.46966
1596	452.141	1.54979
1597	451.302	1.46642
1598	450.792	1.50758
1599	450.386	1.46514
1600	449.172	1.4889
1601	449.082	1.46698
1602	448.978	1.46671
1603	448.123	1.45834
1604	448.021	1.46166
1605	447.404	1.46651
1606	447.095	1.44336
1607	447.006	1.45744
1608	446.764	1.45241
1609	446.544	1.44833
1610	445.954	1.44824
1611	445.764	1.44525
1612	445.51	1.43955
1613	445.25	1.44266
1614	445.048	1.4428
1615	444.848	1.44532
1616	444.747	1.44033
1617	444.42	1.44076
1618	444.05	1.43384
1619	443.991	1.43986
1620	443.677	1.44049
1621	443.496	1.43527
1622	443.311	1.44281
1623	442.863	1.43307
1624	442.59	1.43111
1625	442.548	1.43744
1626	442.123	1.43143
1627	441.448	1.43803
1628	441.276	1.42849
1629	441.198	1.43762
1630	441.036	1.43121
1631	440.829	1.42983
1632	440.467	1.43647
1633	440.119	1.42583
1634	439.746	1.43273
1635	439.412	1.43248
1636	438.937	1.42544
1637	438.919	1.43373
1638	438.871	1.42988
1639	438.723	1.42551
1640	438.317	1.43225
1641	437.892	1.43044
1642	437.785	1.43513
1643	437.473	1.42307
1644	437.002	1.42748
1645	436.733	1.42742
1646	436.55	1.43376
1647	436.173	1.42545
1648	435.938	1.42584
1649	435.586	1.43053
1650	435.047	1.43442
1651	434.827	1.42717
1652	434.795	1.42222
1653	434.33	1.43255
1654	433.612	1.42791
1655	433.278	1.42546
1656	433.134	1.43374
1657	432.346	1.42678
1658	432.16	1.42254
1659	431.904	1.42359
1660	431.75	1.43607
1661	431.454	1.42399
1662	431.182	1.41839
1663	430.901	1.43524
1664	430.861	1.4244
1665	430.81	1.41726
1666	430.66	1.4263
1667	430.305	1.43669
1668	429.96	1.42198
1669	429.486	1.42102
1670	429.306	1.4207
1671	429.097	1.43138
1672	428.842	1.43403
1673	428.7	1.42247
1674	428.343	1.41582
1675	427.574	1.42843
1676	427.422	1.43545
1677	427.025	1.42995
1678	426.774	1.41209
1679	426.589	1.41153
1680	426.145	1.43373
1681	426.08	1.44325
1682	425.408	1.43815
1683	425.37	1.42132
1684	425.08	1.39826
1685	424.877	1.40922
1686	424.624	1.42761
1687	424.333	1.45241
1688	424.206	1.44787
1689	424.042	1.43439
1690	423.933	1.4128
1691	423.556	1.38493
1692	423.323	1.3863
1693	422.933	1.38901
1694	422.745	1.40102
1695	422.356	1.41787
1696	422.174	1.4204
1697	422.024	1.43824
1698	421.764	1.4381
1699	421.469	1.43701
1700	421.207	1.44588
1701	421.001	1.44312
1702	420.809	1.43404
1703	420.428	1.42916
1704	420.143	1.43778
1705	420.004	1.44523
1706	419.527	1.44055
1707	419.273	1.43569
1708	419.034	1.43655
1709	418.971	1.44242
1710	418.627	1.44322
1711	418.206	1.43141
1712	417.898	1.4334
1713	417.386	1.43799
1714	417.276	1.4305
1715	416.939	1.43378
